13 
100 1 1 0 0 2500
102 1 0 0 0 1600
102 1 1 0 0 2400
102 1 1 1 0 4000
105 1 1 1 1 3000
105 1 1 1 0 4000
106 1 1 1 1 3000
120 1 0 1 0 2000
120 1 1 1 0 4000
132 1 1 1 0 2500
132 1 1 1 0 3000
130 1 1 1 1 2600
130 1 1 1 1 2700
135 1 0 0 0 1800
135 1 0 1 0 2700
100 1 0 0 0 2600
135 1 1 1 0 3600
135 1 0 1 0 4000
136 1 0 1 0 3000
145 1 0 1 0 4000
145 1 1 1 1 4500
152 1 0 1 0 2000
152 1 1 1 0 3000
152 1 1 0 0 4000
156 1 0 0 0 1000
156 1 1 0 0 2000
156 1 1 1 0 3000
156 1 1 1 1 4000
158 1 0 0 0 2000
0 
classificar
consultar 156
consultar 103 
fi

